0 -88.000000
1 -73.849998
2 -44.099998
3 -33.400002
4 -24.900000
5 -19.100000
6 -17.900000
7 -14.950000
8 -13.250000
9 -11.050000
10 -9.800000
11 -9.300000
12 -8.650000
13 -8.500000
14 -7.600000
15 -6.750000
16 -6.100000
17 -7.100000
18 -6.400000
19 -4.800000
20 -5.450000
21 -2.350000
22 -2.950000
23 -2.350000
24 -2.800000
25 -5.600000
26 -5.700000
27 -3.250000
28 -2.600000
29 -4.150000
30 -1.950000
31 -3.900000
32 -3.100000
33 -4.050000
34 -3.250000
35 -2.850000
36 -0.800000
37 -1.700000
38 -4.250000
39 -1.750000
40 -1.900000
41 -2.700000
42 -1.900000
43 -2.650000
44 -1.950000
45 -2.300000
46 -0.300000
47 -2.750000
48 -1.950000
49 -0.800000
50 -2.700000
51 -1.950000
52 -1.500000
53 -1.050000
54 -2.350000
55 -3.800000
56 -3.100000
57 -0.900000
58 -2.900000
59 -0.300000
60 -2.150000
61 -1.800000
62 -0.500000
63 1.250000
64 -2.400000
65 -1.550000
66 0.150000
67 -2.050000
68 0.700000
69 0.250000
70 0.450000
71 -1.050000
72 -1.200000
73 -1.650000
74 -1.450000
75 -3.400000
76 -1.250000
77 0.450000
78 -0.750000
79 0.500000
80 -0.200000
81 -0.800000
82 -1.300000
83 -3.100000
84 -2.350000
85 -2.100000
86 -2.500000
87 -1.300000
88 -1.100000
89 -3.150000
90 -1.350000
91 -1.300000
92 0.850000
93 -1.300000
94 -0.900000
95 -1.650000
96 -0.400000
97 0.050000
98 -1.800000
99 -2.900000
