0 0.180000
1 -0.100000
2 0.060000
3 0.100000
4 -0.020000
5 0.180000
6 0.100000
7 0.100000
8 -0.120000
9 0.000000
10 0.080000
11 0.060000
12 0.160000
13 0.000000
14 -0.120000
15 0.060000
16 0.080000
17 -0.020000
18 0.100000
19 -0.180000
20 -0.100000
21 0.140000
22 -0.020000
23 0.000000
24 -0.160000
25 0.020000
26 -0.080000
27 -0.020000
28 0.060000
29 0.020000
30 0.040000
31 0.080000
32 0.060000
33 0.240000
34 0.120000
35 -0.020000
36 0.000000
37 0.060000
38 0.060000
39 0.040000
40 0.080000
41 -0.060000
42 0.000000
43 0.160000
44 -0.080000
45 -0.120000
46 0.000000
47 0.200000
48 -0.020000
49 -0.020000
50 -0.180000
51 0.020000
52 -0.180000
53 0.040000
54 0.060000
55 -0.040000
56 0.000000
57 0.040000
58 0.020000
59 0.020000
60 0.040000
61 0.000000
62 0.080000
63 -0.020000
64 -0.200000
65 -0.060000
66 0.100000
67 0.080000
68 0.000000
69 0.040000
70 -0.120000
71 0.120000
72 0.060000
73 0.080000
74 0.000000
75 0.060000
76 0.040000
77 0.180000
78 0.300000
79 -0.080000
80 0.040000
81 0.120000
82 0.040000
83 -0.020000
84 0.120000
85 0.200000
86 -0.080000
87 0.000000
88 -0.020000
89 0.020000
90 -0.020000
91 -0.060000
92 0.060000
93 -0.040000
94 -0.200000
95 -0.120000
96 0.000000
97 0.040000
98 0.200000
99 -0.060000
